17 9 997.809 1 9 666.666 6 10 000.000 0 17
18 9 991.890 4 9 993.540 0  9 994.000 0 18
19 9 986.035 1 9 987.633 8  9 988.063 6 19
20 9 980.243 2 9 981.791 1  9 982.200 6 20
21 9 974.504 6 9 976.001 6  9 976.390 9 21
22 9 968.839 1 9 970.265 4  9 970.634 6 22
23 9 963.196 7 9 964.582 4  9 964.931 3 23
24 9 957.577 5 9 958.922 5  9 959.261 3 24
25 9 951.991 3 9 953.285 8  9 953.614 4 25
26 9 946.398 2 9 947.662 2  9 947.980 7 26
27 9 940.798 4 9 942.021 8  9 942.340 2 27
28 9 935.181 8 9 936.354 9  9 936.673 0 28
29 9 929.508 8 9 930.661 3  9 930.969 4 29
30 9 923.749 7 9 924.891 6  9 925.209 4 30
31 9 917.914 5 9 919.026 0  9 919.353 5 31
32 9 911.953 8 9 913.054 7  9 913.382 1 32
33 9 905.828 2 9 906.928 5  9 907.265 5 33
34 9 899.498 4 9 900.607 8  9 900.964 5 34
35 9 892.915 1 9 894.053 6  9 894.429 9 35
36 9 886.039 5 9 887.206 9  9 887.612 6 36
37 9 878.812 8 9 880.028 8  9 880.454 0 37
38 9 871.166 5 9 872.450 8  9 872.895 4 38
39 9 863.022 7 9 864.404 7  9 864.868 8 39
40 9 854.303 6 9 855.793 1  9 856.286 3 40
41 9 844.902 5 9 846.538 4  9 847.051 0 41
42 9 834.703 0 9 836.524 5  9 837.066 1 42
43 9 823.599 4 9 825.635 4  9 826.206 0 43
44 9 811.447 3 9 813.746 3  9 814.335 9 44
45 9 798.083 7 9 800.693 9  9 801.312 3 45
46 9 783.337 1 9 786.316 2  9 786.953 4 46
47 9 766.998 3 9 770.423 1  9 771.078 9 47
48 9 748.860 3 9 752.787 4  9 753.471 4 48
49 9 728.649 9 9 733.193 8  9 733.886 5 49
50 9 706.097 7 9 711.352 4  9 712.072 8 50
51 9 680.899 0 9 686.966 9  9 687.714 9 51
52 9 652.696 5 9 659.707 5  9 660.502 1 52
53 9 621.100 6 9 629.211 5  9 630.052 2 53
54 9 585.691 6 9 595.056 3  9 595.971 5 54
55 9 545.992 9 9 556.800 3  9 557.817 9 55
56 9 501.483 9 9 513.937 5  9 515.104 0 56
57 9 451.593 8 9 465.929 3  9 467.290 6 57
58 9 395.697 1 9 412.171 2  9 413.800 4 58
59 9 333.128 4 9 352.016 5  9 354.004 0 59
60 9 263.142 2 9 284.764 1  9 287.216 4 60
61 9 184.968 7 9 209.656 8  9 212.714 3 61
62 9 097.740 5 9 125.881 8  9 129.717 0 62
63 9 000.588 4 9 032.564 2  9 037.397 3 63
64 8 892.574 1 8 928.817 7  8 934.877 1 64
65 8 772.735 9 8 813.688 1 8 821.261 2 65
66 8 640.048 1 8 686.201 6 8 695.619 9 66
67 8 493.518 7 8 545.353 2 8 557.011 8 67
68 8 332.139 6 8 390.161 1 8 404.491 6 68
69 8 154.931 8 8 219.639 0 8 237.132 9 69
70 7 960.977 6 8 032.860 6 8 054.054 4 70
71 7 749.465 9 7 828.968 6 7 854.450 8 71
72 7 519.702 7 7 607.240 0 7 637.620 8 72
73 7 271.146 1 7 367.082 8 7 403.008 4 73
74 7 003.521 6 7 108.105 2 7 150.240 1 74
75 6 716.823 1 6 830.184 4 6 879.167 3 75
76 6 411.345 9 6 533.500 8 6 589.925 8 76
77 6 087.808 4 6 218.575 9 6 282.980 3 77
78 5 747.362 4 5 886.362 8 5 959.168 0 78
79 5 391.640 0 5 538.279 1 5 619.757 7 79
80 5 022.793 1 5 176.222 4 5 266.460 4 80
81 4 643.512 9 4 802.629 0 4 901.478 9 81
82 4 257.005 6 4 420.452 5 4 527.496 0 82
83 3 866.988 4 4 033.146 7 4 147.670 8 83
84 3 477.592 9 3 644.632 7 3 765.599 8 84
85 3 093.286 3 3 259.186 2 3 385.247 9 85
86 2 718.712 8 2 881.346 7 3 010.839 5 86
87 2 358.529 9 2 515.731 0 2 646.741 6 87
88 2 017.229 8 2 166.880 5 2 297.297 6 88
89 1 698.908 9 1 839.045 8 1 966.649 9 89
90 1 407.055 0 1 535.980 1 1 658.554 5 90
91 1 260.735 4 1 376.190 6 91
92 1 121.988 9 92
93 0 897.502 5 93
94  0 703.324 2 94
95  0 539.064 3 95
96  0 403.402 3 96
97  0 294.206 1 97
98  0 208.706 0 98
99  0 143.712 0 99
100  0 95.847 6 100
101  0 61.773 3 101
102  0 38.379 6 102
103  0 22.928 4 103
104  0 13.135 9 104
105  0 7.196 8 105
106  0 3.759 6 106
107  0 1.866 9 107
108  0 0.878 4 108
109  0 0.390 3 109
110  0 0.163 2 110
111  0 0.064 0 111
112  0 0.023 4 112
113  0 0.008 0 113
114  0 0.002 5 114
115  0 0.000 7 115
116  0 0.000 2 116
117  0 0.000 0 117